iteration=0
world_start=(6, 6.692249645541726)
intersect_v=(7, 7.27709745200119)
distance_v=1.1584675035237053
intersect_h=(6.526205879648116, 7)
distance_h=1.2148916823266824

iteration=1
world_start=(7, 7.27709745200119)
intersect_v=(8, 7.861945258460654)
distance_v=1.1584675035237058
intersect_h=(6.526205879648116, 7)
distance_h=1.2148916823266824
